101|123456|-ON-|0123|202301031000|105|||nummer-1
101|123456|-ON-|0123|202301031000|151|||sampling_timestamp
101|123456|-ON-|0123|202301031000|150|||101
102|123456|-ON-|0123|202301031000|1819000|504|0.49|||||||||
102|123456|-ON-|0123|202301031000|1829000|504|0|||||||||
102|123456|-ON-|0123|202301031000|1808000|504|0.2|||||||||
101|123456|-ON-|0123|202303031100|105|||nummer-2
101|123456|-ON-|0123|202303031100|151|||sampling_timestamp
101|123456|-ON-|0123|202303031100|150|||55
102|123456|-ON-|0123|202303031100|1819000|504|0.49|||||||||
102|123456|-ON-|0123|202303031100|1829000|504|0.000|||||||||
102|123456|-ON-|0123|202303031100|1808000|504|0.23|||||||||
101|123456|-ON-|0123|202302030830|105|||nummer-3
101|123456|-ON-|0123|202302030830|151|||sampling_timestamp
101|123456|-ON-|0123|202302030830|150|||99
102|123456|-ON-|0123|202302030830|1819000|504|0.49|||||||||
102|123456|-ON-|0123|202302030830|1829000|504|0.49|||||||||
102|123456|-ON-|0123|202302030830|1700063|601|2|||||||||