101|trisNummer|202301301300|101|||N
101|trisNummer|202301301300|104|||Testen
101|trisNummer|202301301300|105|||nummer-1
101|trisNummer|202301301300|106|||
101|trisNummer|202301301300|107|||
101|trisNummer|202301301300|108|||
101|trisNummer|202301301300|109|||
101|trisNummer|202301301300|110|||
101|trisNummer|202301301300|111|||
101|trisNummer|202301301300|112|||
101|trisNummer|202301301300|113|||
101|trisNummer|202301301300|114|||
101|trisNummer|202301301300|115|||
101|trisNummer|202301301300|116|||
101|trisNummer|202301301300|117|||
101|trisNummer|202301301300|118|||
101|trisNummer|202301301300|119|||
101|trisNummer|202301301300|120|||
101|trisNummer|202301301300|121|||
101|trisNummer|202301301300|122|||
101|trisNummer|202301301300|123|||
101|trisNummer|202301301300|124|||
101|trisNummer|202301301300|125|||
101|trisNummer|202301301300|126|||
101|trisNummer|202301301300|150|||labor
101|trisNummer|202301301300|151|||sampling_timestamp
101|trisNummer|202301301300|152|||ON Ottenhausen, Turnhalle
101|trisNummer|202301301300|153|1||Lorem ipsum dolor sit amet, consectetur adipiscing elit. 1 row
102|trisNummer|202301301300|0501001|801|3|||||0383||||
102|trisNummer|202301301300|0501002|801|2|||||0383||||
102|trisNummer|202301301300|1700025|000|8.18|||||0|||15,4|
102|trisNummer|202301301300|0501110|814|0|||||0381||||
102|trisNummer|202301301300|1700095|757|0.10|1||||0312||||
102|trisNummer|202301301300|0801001|814|0|||||0381||||
102|trisNummer|202301301300|1700044|905|0.2|||||9927||||
102|trisNummer|202301301300|1304000|814|0|||||0381||||
102|trisNummer|202301301300|0100001|000|1|||||0390||||
102|trisNummer|202301301300|1700062|008|9.3|||||0||||
102|trisNummer|202301301300|1700006|755|118|||||9955|||25|